Profiles10: (15000,3000), Shapes: 13, Rotations: 0 absolute

    Shape 1 (Loops: 1, Quantity: 7)
        Loop 1 (external): 8 Primitives
            Line: (200.000000, -0.000000),(100.000000, 200.000000)
            Line: (100.000000, 200.000000),(0.000000, 300.000000)
            Line: (0.000000, 300.000000),(100.000000, 400.000000)
            Line: (100.000000, 400.000000),(100.000000, 500.000000)
            Line: (100.000000, 500.000000),(200.000000, 700.000000)
            Line: (200.000000, 700.000000),(900.000000, 500.000000)
            Line: (900.000000, 500.000000),(900.000000, 100.000000)
            Line: (900.000000, 100.000000),(200.000000, -0.000000)

    Shape 2 (Loops: 1, Quantity: 7)
        Loop 1 (external): 6 Primitives
            Line: (74.000000, -0.000000),(0.000000, 125.000000)
            Line: (0.000000, 125.000000),(870.000000, 305.000000)
            Line: (870.000000, 305.000000),(1740.000000, 125.000000)
            Line: (1740.000000, 125.000000),(1666.000000, -0.000000)
            Line: (1666.000000, -0.000000),(870.000000, 119.000000)
            Line: (870.000000, 119.000000),(74.000000, -0.000000)

    Shape 3 (Loops: 1, Quantity: 7)
        Loop 1 (external): 11 Primitives
            Line: (-0.000000, 200.000000),(-0.000000, 600.000000)
            Line: (-0.000000, 600.000000),(200.000000, 600.000000)
            Line: (200.000000, 600.000000),(200.000000, 300.000000)
            Line: (200.000000, 300.000000),(800.000000, 300.000000)
            Line: (800.000000, 300.000000),(800.000000, 600.000000)
            Line: (800.000000, 600.000000),(1100.000000, 600.000000)
            Line: (1100.000000, 600.000000),(1100.000000, 400.000000)
            Line: (1100.000000, 400.000000),(700.000000, -0.000000)
            Line: (700.000000, -0.000000),(600.000000, -0.000000)
            Line: (600.000000, -0.000000),(600.000000, 200.000000)
            Line: (600.000000, 200.000000),(-0.000000, 200.000000)

    Shape 4 (Loops: 1, Quantity: 7)
        Loop 1 (external): 8 Primitives
            Line: (-0.000000, 0.000000),(100.000000, 300.000000)
            Line: (100.000000, 300.000000),(0.000000, 500.000000)
            Line: (0.000000, 500.000000),(200.000000, 400.000000)
            Line: (200.000000, 400.000000),(400.000000, 500.000000)
            Line: (400.000000, 500.000000),(300.000000, 200.000000)
            Line: (300.000000, 200.000000),(400.000000, 0.000000)
            Line: (400.000000, 0.000000),(200.000000, 100.000000)
            Line: (200.000000, 100.000000),(-0.000000, 0.000000)

    Shape 5 (Loops: 1, Quantity: 7)
        Loop 1 (external): 8 Primitives
            Line: (0.000000, 0.000000),(200.000000, 200.000000)
            Line: (200.000000, 200.000000),(200.000000, 400.000000)
            Line: (200.000000, 400.000000),(0.000000, 600.000000)
            Line: (0.000000, 600.000000),(600.000000, 600.000000)
            Line: (600.000000, 600.000000),(400.000000, 400.000000)
            Line: (400.000000, 400.000000),(400.000000, 200.000000)
            Line: (400.000000, 200.000000),(600.000000, 0.000000)
            Line: (600.000000, 0.000000),(0.000000, 0.000000)

    Shape 6 (Loops: 1, Quantity: 7)
        Loop 1 (external): 4 Primitives
            Line: (0.000000, 0.000000),(0.000000, 660.000000)
            Line: (0.000000, 660.000000),(200.000000, 260.000000)
            Line: (200.000000, 260.000000),(390.000000, 230.000000)
            Line: (390.000000, 230.000000),(0.000000, 0.000000)

    Shape 7 (Loops: 1, Quantity: 7)
        Loop 1 (external): 14 Primitives
            Line: (0.000000, 232.000000),(0.000000, 426.000000)
            Line: (0.000000, 426.000000),(539.000000, 414.000000)
            Line: (539.000000, 414.000000),(616.000000, 477.000000)
            Line: (616.000000, 477.000000),(694.000000, 544.000000)
            Line: (694.000000, 544.000000),(732.000000, 547.000000)
            Line: (732.000000, 547.000000),(761.000000, 490.000000)
            Line: (761.000000, 490.000000),(845.000000, 453.000000)
            Line: (845.000000, 453.000000),(884.000000, 463.000000)
            Line: (884.000000, 463.000000),(1003.000000, 500.000000)
            Line: (1003.000000, 500.000000),(1097.000000, 260.000000)
            Line: (1097.000000, 260.000000),(975.000000, 258.000000)
            Line: (975.000000, 258.000000),(894.000000, 20.000000)
            Line: (894.000000, 20.000000),(827.000000, -0.000000)
            Line: (827.000000, -0.000000),(0.000000, 232.000000)

    Shape 8 (Loops: 1, Quantity: 7)
        Loop 1 (external): 15 Primitives
            Line: (882.000000, 623.000000),(963.000000, 713.000000)
            Line: (963.000000, 713.000000),(1147.000000, 666.000000)
            Line: (1147.000000, 666.000000),(1098.000000, 518.000000)
            Line: (1098.000000, 518.000000),(1052.000000, 396.000000)
            Line: (1052.000000, 396.000000),(998.000000, 265.000000)
            Line: (998.000000, 265.000000),(954.000000, 169.000000)
            Line: (954.000000, 169.000000),(868.000000, 0.000000)
            Line: (868.000000, 0.000000),(689.000000, 49.000000)
            Line: (689.000000, 49.000000),(592.000000, 148.000000)
            Line: (592.000000, 148.000000),(4.000000, 165.000000)
            Line: (4.000000, 165.000000),(0.000000, 325.000000)
            Line: (0.000000, 325.000000),(546.000000, 334.000000)
            Line: (546.000000, 334.000000),(688.000000, 402.000000)
            Line: (688.000000, 402.000000),(780.000000, 508.000000)
            Line: (780.000000, 508.000000),(882.000000, 623.000000)

    Shape 9 (Loops: 1, Quantity: 7)
        Loop 1 (external): 6 Primitives
            Line: (0.000000, 0.000000),(10.000000, 50.000000)
            Line: (10.000000, 50.000000),(30.000000, 300.000000)
            Line: (30.000000, 300.000000),(470.000000, 390.000000)
            Line: (470.000000, 390.000000),(400.000000, 200.000000)
            Line: (400.000000, 200.000000),(520.000000, 70.000000)
            Line: (520.000000, 70.000000),(0.000000, 0.000000)

    Shape 10 (Loops: 1, Quantity: 7)
        Loop 1 (external): 10 Primitives
            Line: (100.000000, 0.000000),(-0.000000, 600.000000)
            Line: (-0.000000, 600.000000),(100.000000, 600.000000)
            Line: (100.000000, 600.000000),(100.000000, 500.000000)
            Line: (100.000000, 500.000000),(200.000000, 400.000000)
            Line: (200.000000, 400.000000),(300.000000, 400.000000)
            Line: (300.000000, 400.000000),(400.000000, 500.000000)
            Line: (400.000000, 500.000000),(400.000000, 600.000000)
            Line: (400.000000, 600.000000),(500.000000, 600.000000)
            Line: (500.000000, 600.000000),(400.000000, 0.000000)
            Line: (400.000000, 0.000000),(100.000000, 0.000000)

    Shape 11 (Loops: 1, Quantity: 7)
        Loop 1 (external): 3 Primitives
            Line: (0.000000, 800.000000),(800.000000, 800.000000)
            Line: (800.000000, 800.000000),(400.000000, 0.000000)
            Line: (400.000000, 0.000000),(0.000000, 800.000000)

    Shape 12 (Loops: 1, Quantity: 7)
        Loop 1 (external): 6 Primitives
            Line: (0.000000, 0.000000),(-0.000000, 600.000000)
            Line: (-0.000000, 600.000000),(400.000000, 600.000000)
            Line: (400.000000, 600.000000),(400.000000, 300.000000)
            Line: (400.000000, 300.000000),(600.000000, 300.000000)
            Line: (600.000000, 300.000000),(600.000000, -0.000000)
            Line: (600.000000, -0.000000),(0.000000, 0.000000)

    Shape 13 (Loops: 1, Quantity: 7)
        Loop 1 (external): 8 Primitives
            Line: (100.000000, 0.000000),(0.000000, 100.000000)
            Line: (0.000000, 100.000000),(-0.000000, 300.000000)
            Line: (-0.000000, 300.000000),(200.000000, 500.000000)
            Line: (200.000000, 500.000000),(400.000000, 500.000000)
            Line: (400.000000, 500.000000),(400.000000, 400.000000)
            Line: (400.000000, 400.000000),(300.000000, 200.000000)
            Line: (300.000000, 200.000000),(400.000000, -0.000000)
            Line: (400.000000, -0.000000),(100.000000, 0.000000)

