Profiles9: (3000,1500), Shapes: 16, Rotations: 90 incremental

    Shape 1 (Loops: 2, Quantity: 4)
        Loop 1 (internal): 24 Primitives
            Line: (-677.378261, 221.415713),(-675.544340, 239.043940)
            Line: (-675.544340, 239.043940),(-670.042576, 263.659067)
            Line: (-670.042576, 263.659067),(-660.738634, 288.980848)
            Line: (-660.738634, 288.980848),(-647.899507, 310.632831)
            Line: (-647.899507, 310.632831),(-632.399816, 327.938869)
            Line: (-632.399816, 327.938869),(-616.159420, 340.222816)
            Line: (-616.159420, 340.222816),(-598.947519, 347.552493)
            Line: (-598.947519, 347.552493),(-581.177225, 349.995719)
            Line: (-581.177225, 349.995719),(-554.312876, 344.661407)
            Line: (-554.312876, 344.661407),(-532.146704, 328.658473)
            Line: (-532.146704, 328.658473),(-517.283892, 303.951212)
            Line: (-517.283892, 303.951212),(-512.329621, 271.566001)
            Line: (-512.329621, 271.566001),(-515.925405, 238.345949)
            Line: (-515.925405, 238.345949),(-526.712759, 203.777611)
            Line: (-526.712759, 203.777611),(-544.254302, 172.258543)
            Line: (-544.254302, 172.258543),(-566.101545, 150.412045)
            Line: (-566.101545, 150.412045),(-590.270768, 137.654385)
            Line: (-590.270768, 137.654385),(-614.376922, 133.401832)
            Line: (-614.376922, 133.401832),(-632.023501, 136.189838)
            Line: (-632.023501, 136.189838),(-648.176747, 144.553856)
            Line: (-648.176747, 144.553856),(-661.808235, 158.134199)
            Line: (-661.808235, 158.134199),(-671.810168, 176.571183)
            Line: (-671.810168, 176.571183),(-675.986238, 195.399154)
            Line: (-675.986238, 195.399154),(-677.378261, 221.415713)
        Loop 2 (external): 43 Primitives
            Line: (-739.095874, 67.026286),(-689.247606, 62.368353)
            Line: (-689.247606, 62.368353),(-688.405312, 47.281215)
            Line: (-688.405312, 47.281215),(-685.162972, 36.505273)
            Line: (-685.162972, 36.505273),(-679.124707, 29.350968)
            Line: (-679.124707, 29.350968),(-670.295967, 23.845011)
            Line: (-670.295967, 23.845011),(-654.979333, 19.549745)
            Line: (-654.979333, 19.549745),(-635.764846, 18.117990)
            Line: (-635.764846, 18.117990),(-597.276299, 23.726281)
            Line: (-597.276299, 23.726281),(-571.320852, 40.551154)
            Line: (-571.320852, 40.551154),(-559.023723, 65.491684)
            Line: (-559.023723, 65.491684),(-547.750966, 108.586042)
            Line: (-547.750966, 108.586042),(-542.725429, 131.994950)
            Line: (-542.725429, 131.994950),(-582.414232, 102.919107)
            Line: (-582.414232, 102.919107),(-624.612823, 93.227160)
            Line: (-624.612823, 93.227160),(-664.874692, 101.284406)
            Line: (-664.874692, 101.284406),(-698.037871, 125.456144)
            Line: (-698.037871, 125.456144),(-720.097749, 164.681204)
            Line: (-720.097749, 164.681204),(-727.451042, 216.960493)
            Line: (-727.451042, 216.960493),(-721.681772, 263.833180)
            Line: (-721.681772, 263.833180),(-704.373964, 306.706193)
            Line: (-704.373964, 306.706193),(-678.764276, 342.865029)
            Line: (-678.764276, 342.865029),(-648.490692, 369.193856)
            Line: (-648.490692, 369.193856),(-616.185737, 384.489576)
            Line: (-616.185737, 384.489576),(-582.792782, 389.588150)
            Line: (-582.792782, 389.588150),(-532.389149, 376.259195)
            Line: (-532.389149, 376.259195),(-495.059123, 336.272330)
            Line: (-495.059123, 336.272330),(-485.047734, 383.183492)
            Line: (-485.047734, 383.183492),(-439.543455, 383.183492)
            Line: (-439.543455, 383.183492),(-497.934558, 103.220662)
            Line: (-497.934558, 103.220662),(-509.033900, 61.746333)
            Line: (-509.033900, 61.746333),(-523.000759, 30.581500)
            Line: (-523.000759, 30.581500),(-541.593737, 7.973198)
            Line: (-541.593737, 7.973198),(-566.170110, -8.793312)
            Line: (-566.170110, -8.793312),(-596.048235, -19.177521)
            Line: (-596.048235, -19.177521),(-630.145143, -22.638925)
            Line: (-630.145143, -22.638925),(-662.667950, -20.497999)
            Line: (-662.667950, -20.497999),(-690.415071, -14.075222)
            Line: (-690.415071, -14.075222),(-712.369865, -3.259548)
            Line: (-712.369865, -3.259548),(-727.917021, 12.060068)
            Line: (-727.917021, 12.060068),(-737.174523, 30.734281)
            Line: (-737.174523, 30.734281),(-740.260357, 51.613745)
            Line: (-740.260357, 51.613745),(-739.969237, 59.016971)
            Line: (-739.969237, 59.016971),(-739.095874, 67.026286)

    Shape 2 (Loops: 1, Quantity: 4)
        Loop 1 (external): 6 Primitives
            Line: (-727.937351, 911.991882),(-727.937351, 1110.536278)
            Line: (-727.937351, 1110.536278),(-687.471557, 1110.536278)
            Line: (-687.471557, 1110.536278),(-687.471557, 945.761897)
            Line: (-687.471557, 945.761897),(-587.325997, 945.761897)
            Line: (-587.325997, 945.761897),(-587.325997, 911.991882)
            Line: (-587.325997, 911.991882),(-727.937351, 911.991882)

    Shape 3 (Loops: 1, Quantity: 4)
        Loop 1 (external): 38 Primitives
            Line: (-320.620115, 971.301784),(-315.903134, 970.195269)
            Line: (-315.903134, 970.195269),(-332.884266, 916.270338)
            Line: (-332.884266, 916.270338),(-487.601247, 916.270338)
            Line: (-487.601247, 916.270338),(-487.601247, 921.616250)
            Line: (-487.601247, 921.616250),(-480.204316, 921.616250)
            Line: (-480.204316, 921.616250),(-469.371360, 923.678791)
            Line: (-469.371360, 923.678791),(-462.087687, 929.866413)
            Line: (-462.087687, 929.866413),(-459.760593, 937.714363)
            Line: (-459.760593, 937.714363),(-458.984895, 951.804929)
            Line: (-458.984895, 951.804929),(-458.984895, 1080.735747)
            Line: (-458.984895, 1080.735747),(-460.037222, 1096.139998)
            Line: (-460.037222, 1096.139998),(-463.194203, 1104.359294)
            Line: (-463.194203, 1104.359294),(-470.297851, 1109.283143)
            Line: (-470.297851, 1109.283143),(-480.204316, 1110.924426)
            Line: (-480.204316, 1110.924426),(-487.601247, 1110.924426)
            Line: (-487.601247, 1110.924426),(-487.601247, 1116.270338)
            Line: (-487.601247, 1116.270338),(-397.349675, 1116.270338)
            Line: (-397.349675, 1116.270338),(-397.349675, 1110.924426)
            Line: (-397.349675, 1110.924426),(-410.879461, 1110.223193)
            Line: (-410.879461, 1110.223193),(-419.625197, 1107.926288)
            Line: (-419.625197, 1107.926288),(-425.046228, 1104.499772)
            Line: (-425.046228, 1104.499772),(-428.385146, 1100.409709)
            Line: (-428.385146, 1100.409709),(-430.108542, 1092.359168)
            Line: (-430.108542, 1092.359168),(-430.683008, 1077.905558)
            Line: (-430.683008, 1077.905558),(-430.683008, 951.686891)
            Line: (-430.683008, 951.686891),(-430.106932, 941.347898)
            Line: (-430.106932, 941.347898),(-428.378706, 934.884979)
            Line: (-428.378706, 934.884979),(-425.986530, 932.167621)
            Line: (-425.986530, 932.167621),(-422.957121, 930.253332)
            Line: (-422.957121, 930.253332),(-415.293373, 929.200049)
            Line: (-415.293373, 929.200049),(-399.736593, 928.848954)
            Line: (-399.736593, 928.848954),(-385.296945, 928.848954)
            Line: (-385.296945, 928.848954),(-365.715033, 929.673357)
            Line: (-365.715033, 929.673357),(-352.958530, 932.146564)
            Line: (-352.958530, 932.146564),(-344.097549, 936.840602)
            Line: (-344.097549, 936.840602),(-335.985448, 944.110740)
            Line: (-335.985448, 944.110740),(-328.329473, 955.372200)
            Line: (-328.329473, 955.372200),(-320.620115, 971.301784)

    Shape 4 (Loops: 1, Quantity: 4)
        Loop 1 (external): 12 Primitives
            Line: (-219.013076, 1404.317897),(-219.013076, 1504.317897)
            Line: (-219.013076, 1504.317897),(-205.767079, 1504.317897)
            Line: (-205.767079, 1504.317897),(-205.767079, 1463.269862)
            Line: (-205.767079, 1463.269862),(-153.802013, 1463.269862)
            Line: (-153.802013, 1463.269862),(-153.802013, 1504.317897)
            Line: (-153.802013, 1504.317897),(-140.556016, 1504.317897)
            Line: (-140.556016, 1504.317897),(-140.556016, 1404.317897)
            Line: (-140.556016, 1404.317897),(-153.802013, 1404.317897)
            Line: (-153.802013, 1404.317897),(-153.802013, 1451.479469)
            Line: (-153.802013, 1451.479469),(-205.767079, 1451.479469)
            Line: (-205.767079, 1451.479469),(-205.767079, 1404.317897)
            Line: (-205.767079, 1404.317897),(-219.013076, 1404.317897)

    Shape 5 (Loops: 1, Quantity: 4)
        Loop 1 (external): 67 Primitives
            Line: (-45.880464, 1644.169894),(-45.880464, 1495.652611)
            Line: (-45.880464, 1495.652611),(-23.885520, 1517.801102)
            Line: (-23.885520, 1517.801102),(-7.053898, 1530.260460)
            Line: (-7.053898, 1530.260460),(7.280781, 1536.093479)
            Line: (7.280781, 1536.093479),(21.697951, 1538.037818)
            Line: (21.697951, 1538.037818),(37.685989, 1535.626611)
            Line: (37.685989, 1535.626611),(51.349725, 1528.392988)
            Line: (51.349725, 1528.392988),(62.175649, 1516.200875)
            Line: (62.175649, 1516.200875),(69.975385, 1498.589064)
            Line: (69.975385, 1498.589064),(72.941989, 1478.566045)
            Line: (72.941989, 1478.566045),(73.930857, 1446.798875)
            Line: (73.930857, 1446.798875),(73.930857, 1375.301969)
            Line: (73.930857, 1375.301969),(74.684291, 1359.099630)
            Line: (74.684291, 1359.099630),(76.944593, 1348.988309)
            Line: (76.944593, 1348.988309),(79.964140, 1344.382422)
            Line: (79.964140, 1344.382422),(84.489348, 1340.565366)
            Line: (84.489348, 1340.565366),(92.035914, 1338.315932)
            Line: (92.035914, 1338.315932),(104.119536, 1337.566120)
            Line: (104.119536, 1337.566120),(104.119536, 1329.547252)
            Line: (104.119536, 1329.547252),(4.591234, 1329.547252)
            Line: (4.591234, 1329.547252),(4.591234, 1337.566120)
            Line: (4.591234, 1337.566120),(9.082857, 1337.566120)
            Line: (9.082857, 1337.566120),(21.044744, 1338.724045)
            Line: (21.044744, 1338.724045),(28.734781, 1342.197818)
            Line: (28.734781, 1342.197818),(33.341498, 1347.265328)
            Line: (33.341498, 1347.265328),(36.378555, 1354.595554)
            Line: (36.378555, 1354.595554),(36.948442, 1361.478649)
            Line: (36.948442, 1361.478649),(37.138404, 1375.301969)
            Line: (37.138404, 1375.301969),(37.138404, 1446.755403)
            Line: (37.138404, 1446.755403),(36.252366, 1474.168837)
            Line: (36.252366, 1474.168837),(33.594253, 1490.226498)
            Line: (33.594253, 1490.226498),(29.177914, 1499.309102)
            Line: (29.177914, 1499.309102),(22.692065, 1505.797366)
            Line: (22.692065, 1505.797366),(14.421046, 1509.812611)
            Line: (14.421046, 1509.812611),(4.649197, 1511.151026)
            Line: (4.649197, 1511.151026),(-6.406124, 1509.681403)
            Line: (-6.406124, 1509.681403),(-17.912615, 1505.272535)
            Line: (-17.912615, 1505.272535),(-30.770615, 1496.622385)
            Line: (-30.770615, 1496.622385),(-45.880464, 1482.103781)
            Line: (-45.880464, 1482.103781),(-45.880464, 1375.301969)
            Line: (-45.880464, 1375.301969),(-45.339332, 1358.482837)
            Line: (-45.339332, 1358.482837),(-43.715935, 1349.438271)
            Line: (-43.715935, 1349.438271),(-40.320879, 1344.758120)
            Line: (-40.320879, 1344.758120),(-34.789898, 1340.945290)
            Line: (-34.789898, 1340.945290),(-26.424917, 1338.410913)
            Line: (-26.424917, 1338.410913),(-13.333294, 1337.566120)
            Line: (-13.333294, 1337.566120),(-13.333294, 1329.547252)
            Line: (-13.333294, 1329.547252),(-113.804992, 1329.547252)
            Line: (-113.804992, 1329.547252),(-113.804992, 1337.566120)
            Line: (-113.804992, 1337.566120),(-101.759369, 1338.578347)
            Line: (-101.759369, 1338.578347),(-92.501294, 1341.615026)
            Line: (-92.501294, 1341.615026),(-88.534917, 1344.848686)
            Line: (-88.534917, 1344.848686),(-85.396841, 1350.035554)
            Line: (-85.396841, 1350.035554),(-83.353898, 1359.433894)
            Line: (-83.353898, 1359.433894),(-82.672917, 1375.301969)
            Line: (-82.672917, 1375.301969),(-82.672917, 1559.264234)
            Line: (-82.672917, 1559.264234),(-83.106577, 1586.932649)
            Line: (-83.106577, 1586.932649),(-84.407558, 1601.443403)
            Line: (-84.407558, 1601.443403),(-86.552728, 1608.105328)
            Line: (-86.552728, 1608.105328),(-89.518954, 1612.227252)
            Line: (-89.518954, 1612.227252),(-93.478690, 1614.366196)
            Line: (-93.478690, 1614.366196),(-98.604388, 1615.079177)
            Line: (-98.604388, 1615.079177),(-104.694200, 1614.215064)
            Line: (-104.694200, 1614.215064),(-113.635935, 1611.622724)
            Line: (-113.635935, 1611.622724),(-116.635181, 1619.641592)
            Line: (-116.635181, 1619.641592),(-56.122577, 1644.169894)
            Line: (-56.122577, 1644.169894),(-45.880464, 1644.169894)

    Shape 6 (Loops: 1, Quantity: 4)
        Loop 1 (external): 13 Primitives
            Line: (-303.830940, 523.279099),(-351.129642, 723.279099)
            Line: (-351.129642, 723.279099),(-309.623546, 723.279099)
            Line: (-309.623546, 723.279099),(-279.709647, 586.048939)
            Line: (-279.709647, 586.048939),(-243.325508, 723.279099)
            Line: (-243.325508, 723.279099),(-194.957717, 723.279099)
            Line: (-194.957717, 723.279099),(-160.058992, 583.779594)
            Line: (-160.058992, 583.779594),(-129.524099, 723.279099)
            Line: (-129.524099, 723.279099),(-88.829787, 723.279099)
            Line: (-88.829787, 723.279099),(-137.051505, 523.279099)
            Line: (-137.051505, 523.279099),(-180.642119, 523.279099)
            Line: (-180.642119, 523.279099),(-220.029880, 672.740339)
            Line: (-220.029880, 672.740339),(-259.622311, 523.279099)
            Line: (-259.622311, 523.279099),(-303.830940, 523.279099)

    Shape 7 (Loops: 1, Quantity: 4)
        Loop 1 (external): 19 Primitives
            Line: (-1.353104, 520.752469),(-45.600487, 665.730635)
            Line: (-45.600487, 665.730635),(-20.023590, 665.730635)
            Line: (-20.023590, 665.730635),(3.260113, 582.033913)
            Line: (3.260113, 582.033913),(11.494966, 550.857156)
            Line: (11.494966, 550.857156),(13.651542, 559.497878)
            Line: (13.651542, 559.497878),(19.028334, 580.774035)
            Line: (19.028334, 580.774035),(42.011973, 665.730635)
            Line: (42.011973, 665.730635),(67.125871, 665.730635)
            Line: (67.125871, 665.730635),(89.093056, 581.715962)
            Line: (89.093056, 581.715962),(96.175350, 553.830967)
            Line: (96.175350, 553.830967),(104.407222, 581.917651)
            Line: (104.407222, 581.917651),(129.357161, 665.730635)
            Line: (129.357161, 665.730635),(153.235030, 665.730635)
            Line: (153.235030, 665.730635),(107.882785, 520.752469)
            Line: (107.882785, 520.752469),(82.528445, 520.752469)
            Line: (82.528445, 520.752469),(59.461336, 607.774769)
            Line: (59.461336, 607.774769),(53.671711, 632.460417)
            Line: (53.671711, 632.460417),(24.316206, 520.752469)
            Line: (24.316206, 520.752469),(-1.353104, 520.752469)

    Shape 8 (Loops: 1, Quantity: 4)
        Loop 1 (external): 28 Primitives
            Line: (344.874051, 934.129998),(349.677545, 901.352077)
            Line: (349.677545, 901.352077),(334.898575, 898.945474)
            Line: (334.898575, 898.945474),(321.797021, 898.143274)
            Line: (321.797021, 898.143274),(303.951221, 899.710225)
            Line: (303.951221, 899.710225),(290.561667, 904.411081)
            Line: (290.561667, 904.411081),(281.189405, 911.885527)
            Line: (281.189405, 911.885527),(275.094488, 921.069806)
            Line: (275.094488, 921.069806),(271.752304, 937.158819)
            Line: (271.752304, 937.158819),(270.638243, 964.644025)
            Line: (270.638243, 964.644025),(270.638243, 1089.846330)
            Line: (270.638243, 1089.846330),(243.564007, 1089.846330)
            Line: (243.564007, 1089.846330),(243.564007, 1118.667291)
            Line: (243.564007, 1118.667291),(270.638243, 1118.667291)
            Line: (270.638243, 1118.667291),(270.638243, 1172.459570)
            Line: (270.638243, 1172.459570),(307.319466, 1194.472496)
            Line: (307.319466, 1194.472496),(307.319466, 1118.667291)
            Line: (307.319466, 1118.667291),(344.874051, 1118.667291)
            Line: (344.874051, 1118.667291),(344.874051, 1089.846330)
            Line: (344.874051, 1089.846330),(307.319466, 1089.846330)
            Line: (307.319466, 1089.846330),(307.319466, 962.594767)
            Line: (307.319466, 962.594767),(307.793038, 949.670191)
            Line: (307.793038, 949.670191),(309.213754, 942.391169)
            Line: (309.213754, 942.391169),(311.894383, 938.447623)
            Line: (311.894383, 938.447623),(315.685719, 935.529474)
            Line: (315.685719, 935.529474),(321.081457, 933.363186)
            Line: (321.081457, 933.363186),(328.414313, 932.641090)
            Line: (328.414313, 932.641090),(335.621789, 933.013317)
            Line: (335.621789, 933.013317),(344.874051, 934.129998)

    Shape 9 (Loops: 1, Quantity: 4)
        Loop 1 (external): 8 Primitives
            Line: (405.382646, 981.289111),(405.382646, 1069.498718)
            Line: (405.382646, 1069.498718),(372.485994, 1069.498718)
            Line: (372.485994, 1069.498718),(372.485994, 1081.289111)
            Line: (372.485994, 1081.289111),(451.525295, 1081.289111)
            Line: (451.525295, 1081.289111),(451.525295, 1069.498718)
            Line: (451.525295, 1069.498718),(418.628643, 1069.498718)
            Line: (418.628643, 1069.498718),(418.628643, 981.289111)
            Line: (418.628643, 981.289111),(405.382646, 981.289111)

    Shape 10 (Loops: 1, Quantity: 4)
        Loop 1 (external): 4 Primitives
            Line: (541.980923, 1481.914894),(541.980923, 1581.914894)
            Line: (541.980923, 1581.914894),(555.226920, 1581.914894)
            Line: (555.226920, 1581.914894),(555.226920, 1481.914894)
            Line: (555.226920, 1481.914894),(541.980923, 1481.914894)

    Shape 11 (Loops: 1, Quantity: 4)
        Loop 1 (external): 32 Primitives
            Line: (687.322990, 1424.745161),(687.322990, 1419.399249)
            Line: (687.322990, 1419.399249),(601.788399, 1419.399249)
            Line: (601.788399, 1419.399249),(601.788399, 1424.745161)
            Line: (601.788399, 1424.745161),(608.812902, 1424.745161)
            Line: (608.812902, 1424.745161),(619.480047, 1426.562192)
            Line: (619.480047, 1426.562192),(626.785732, 1432.013287)
            Line: (626.785732, 1432.013287),(629.499997, 1440.116406)
            Line: (629.499997, 1440.116406),(630.404751, 1454.933840)
            Line: (630.404751, 1454.933840),(630.404751, 1583.864658)
            Line: (630.404751, 1583.864658),(629.901129, 1596.531828)
            Line: (629.901129, 1596.531828),(628.390261, 1604.054847)
            Line: (628.390261, 1604.054847),(626.184701, 1607.644381)
            Line: (626.184701, 1607.644381),(622.367116, 1610.414997)
            Line: (622.367116, 1610.414997),(615.796877, 1613.143752)
            Line: (615.796877, 1613.143752),(608.812902, 1614.053337)
            Line: (608.812902, 1614.053337),(601.788399, 1614.053337)
            Line: (601.788399, 1614.053337),(601.788399, 1619.399249)
            Line: (601.788399, 1619.399249),(687.322990, 1619.399249)
            Line: (687.322990, 1619.399249),(687.322990, 1614.053337)
            Line: (687.322990, 1614.053337),(680.380097, 1614.053337)
            Line: (680.380097, 1614.053337),(669.626009, 1612.209211)
            Line: (669.626009, 1612.209211),(662.304223, 1606.676834)
            Line: (662.304223, 1606.676834),(659.606034, 1598.600809)
            Line: (659.606034, 1598.600809),(658.706638, 1583.864658)
            Line: (658.706638, 1583.864658),(658.706638, 1454.933840)
            Line: (658.706638, 1454.933840),(659.210537, 1442.185387)
            Line: (659.210537, 1442.185387),(660.722235, 1434.635274)
            Line: (660.722235, 1434.635274),(662.858563, 1431.176155)
            Line: (662.858563, 1431.176155),(666.706739, 1428.275123)
            Line: (666.706739, 1428.275123),(673.276173, 1425.627652)
            Line: (673.276173, 1425.627652),(680.380097, 1424.745161)
            Line: (680.380097, 1424.745161),(687.322990, 1424.745161)

    Shape 12 (Loops: 2, Quantity: 2)
        Loop 1 (internal): 13 Primitives
            Line: (763.797818, 619.325467),(763.797818, 751.494317)
            Line: (763.797818, 751.494317),(890.436397, 751.494317)
            Line: (890.436397, 751.494317),(929.032496, 746.897496)
            Line: (929.032496, 746.897496),(955.584857, 733.107033)
            Line: (955.584857, 733.107033),(971.133224, 712.365909)
            Line: (971.133224, 712.365909),(976.316013, 686.515778)
            Line: (976.316013, 686.515778),(973.618930, 667.986381)
            Line: (973.618930, 667.986381),(965.527681, 651.005001)
            Line: (965.527681, 651.005001),(952.477410, 636.496658)
            Line: (952.477410, 636.496658),(934.501934, 626.646247)
            Line: (934.501934, 626.646247),(910.272857, 621.155662)
            Line: (910.272857, 621.155662),(877.603233, 619.325467)
            Line: (877.603233, 619.325467),(763.797818, 619.325467)
        Loop 2 (external): 30 Primitives
            Line: (710.813830, 395.744681),(710.813830, 795.744681)
            Line: (710.813830, 795.744681),(888.457148, 795.744681)
            Line: (888.457148, 795.744681),(935.511914, 793.027476)
            Line: (935.511914, 793.027476),(969.662994, 784.875860)
            Line: (969.662994, 784.875860),(994.773399, 770.078864)
            Line: (994.773399, 770.078864),(1014.304811, 746.916873)
            Line: (1014.304811, 746.916873),(1026.861247, 718.186090)
            Line: (1026.861247, 718.186090),(1031.046726, 686.575400)
            Line: (1031.046726, 686.575400),(1024.117212, 647.406981)
            Line: (1024.117212, 647.406981),(1003.328671, 614.920925)
            Line: (1003.328671, 614.920925),(968.277166, 591.114835)
            Line: (968.277166, 591.114835),(918.157434, 577.986311)
            Line: (918.157434, 577.986311),(936.660001, 567.839330)
            Line: (936.660001, 567.839330),(950.174761, 557.882113)
            Line: (950.174761, 557.882113),(972.599029, 534.121484)
            Line: (972.599029, 534.121484),(993.920391, 504.713298)
            Line: (993.920391, 504.713298),(1063.236956, 395.744681)
            Line: (1063.236956, 395.744681),(996.998540, 395.744681)
            Line: (996.998540, 395.744681),(943.996665, 479.482206)
            Line: (943.996665, 479.482206),(922.884444, 511.063086)
            Line: (922.884444, 511.063086),(906.043640, 534.084733)
            Line: (906.043640, 534.084733),(891.621981, 550.340547)
            Line: (891.621981, 550.340547),(878.812432, 560.793321)
            Line: (878.812432, 560.793321),(866.891617, 567.193508)
            Line: (866.891617, 567.193508),(854.734831, 571.291557)
            Line: (854.734831, 571.291557),(842.781504, 572.819173)
            Line: (842.781504, 572.819173),(825.159751, 573.328378)
            Line: (825.159751, 573.328378),(763.797818, 573.328378)
            Line: (763.797818, 573.328378),(763.797818, 395.744681)
            Line: (763.797818, 395.744681),(710.813830, 395.744681)

    Shape 13 (Loops: 2, Quantity: 2)
        Loop 1 (internal): 17 Primitives
            Line: (1232.136879, 612.351320),(1260.523628, 747.431378)
            Line: (1260.523628, 747.431378),(1390.411208, 747.431378)
            Line: (1390.411208, 747.431378),(1416.705986, 746.289253)
            Line: (1416.705986, 746.289253),(1433.753462, 742.862877)
            Line: (1433.753462, 742.862877),(1445.336437, 736.115442)
            Line: (1445.336437, 736.115442),(1454.514428, 725.010138)
            Line: (1454.514428, 725.010138),(1460.496053, 710.946906)
            Line: (1460.496053, 710.946906),(1462.489927, 694.602406)
            Line: (1462.489927, 694.602406),(1459.792844, 674.465649)
            Line: (1459.792844, 674.465649),(1451.701596, 655.726365)
            Line: (1451.701596, 655.726365),(1438.931267, 639.546056)
            Line: (1438.931267, 639.546056),(1421.795616, 627.086225)
            Line: (1421.795616, 627.086225),(1399.585753, 618.393823)
            Line: (1399.585753, 618.393823),(1371.994114, 613.515803)
            Line: (1371.994114, 613.515803),(1347.716315, 612.642441)
            Line: (1347.716315, 612.642441),(1305.576833, 612.351320)
            Line: (1305.576833, 612.351320),(1232.136879, 612.351320)
        Loop 2 (external): 28 Primitives
            Line: (1132.358923, 391.099500),(1216.201718, 791.099500)
            Line: (1216.201718, 791.099500),(1383.603173, 791.099500)
            Line: (1383.603173, 791.099500),(1427.173433, 788.983914)
            Line: (1427.173433, 788.983914),(1458.771965, 782.637154)
            Line: (1458.771965, 782.637154),(1481.624204, 770.798318)
            Line: (1481.624204, 770.798318),(1498.955581, 751.805177)
            Line: (1498.955581, 751.805177),(1510.034288, 725.595361)
            Line: (1510.034288, 725.595361),(1513.727191, 693.581014)
            Line: (1513.727191, 693.581014),(1505.803348, 648.912601)
            Line: (1505.803348, 648.912601),(1482.031820, 612.604711)
            Line: (1482.031820, 612.604711),(1439.959878, 586.142761)
            Line: (1439.959878, 586.142761),(1378.315302, 571.012164)
            Line: (1378.315302, 571.012164),(1397.789607, 554.938429)
            Line: (1397.789607, 554.938429),(1411.389794, 539.143890)
            Line: (1411.389794, 539.143890),(1433.899488, 503.312694)
            Line: (1433.899488, 503.312694),(1451.510807, 466.506778)
            Line: (1451.510807, 466.506778),(1482.345764, 391.099500)
            Line: (1482.345764, 391.099500),(1422.500082, 391.099500)
            Line: (1422.500082, 391.099500),(1393.785415, 465.336333)
            Line: (1393.785415, 465.336333),(1377.240251, 503.012117)
            Line: (1377.240251, 503.012117),(1357.972617, 535.109934)
            Line: (1357.972617, 535.109934),(1344.617066, 552.129835)
            Line: (1344.617066, 552.129835),(1330.622166, 562.074895)
            Line: (1330.622166, 562.074895),(1312.222679, 567.031122)
            Line: (1312.222679, 567.031122),(1285.144716, 568.683198)
            Line: (1285.144716, 568.683198),(1222.928332, 568.683198)
            Line: (1222.928332, 568.683198),(1185.694679, 391.099500)
            Line: (1185.694679, 391.099500),(1132.358923, 391.099500)

    Shape 14 (Loops: 1, Quantity: 4)
        Loop 1 (external): 20 Primitives
            Line: (1608.863518, 441.554308),(1608.863518, 586.532474)
            Line: (1608.863518, 586.532474),(1630.988699, 586.532474)
            Line: (1630.988699, 586.532474),(1630.988699, 564.496725)
            Line: (1630.988699, 564.496725),(1639.224554, 577.278093)
            Line: (1639.224554, 577.278093),(1646.570138, 584.817051)
            Line: (1646.570138, 584.817051),(1654.180012, 588.505365)
            Line: (1654.180012, 588.505365),(1662.578801, 589.734803)
            Line: (1662.578801, 589.734803),(1674.991424, 587.792096)
            Line: (1674.991424, 587.792096),(1687.757258, 581.963973)
            Line: (1687.757258, 581.963973),(1678.884548, 559.208853)
            Line: (1678.884548, 559.208853),(1669.954196, 563.107682)
            Line: (1669.954196, 563.107682),(1661.153008, 564.407292)
            Line: (1661.153008, 564.407292),(1653.379430, 563.186797)
            Line: (1653.379430, 563.186797),(1646.522440, 559.525313)
            Line: (1646.522440, 559.525313),(1641.107896, 553.727118)
            Line: (1641.107896, 553.727118),(1637.661654, 546.096492)
            Line: (1637.661654, 546.096492),(1634.403663, 532.367118)
            Line: (1634.403663, 532.367118),(1633.317666, 517.379869)
            Line: (1633.317666, 517.379869),(1633.317666, 441.554308)
            Line: (1633.317666, 441.554308),(1608.863518, 441.554308)

    Shape 15 (Loops: 2, Quantity: 1)
        Loop 1 (internal): 9 Primitives
            Line: (1260.398733, 1357.025795),(1273.602588, 1416.977096)
            Line: (1273.602588, 1416.977096),(1304.770623, 1463.536327)
            Line: (1304.770623, 1463.536327),(1349.941837, 1493.697096)
            Line: (1349.941837, 1493.697096),(1404.452905, 1503.750685)
            Line: (1404.452905, 1503.750685),(1463.990361, 1491.162831)
            Line: (1463.990361, 1491.162831),(1511.888457, 1453.399268)
            Line: (1511.888457, 1453.399268),(1532.785016, 1413.303920)
            Line: (1532.785016, 1413.303920),(1543.659287, 1357.025795)
            Line: (1543.659287, 1357.025795),(1260.398733, 1357.025795)
        Loop 2 (external): 28 Primitives
            Line: (1543.057715, 1219.471209),(1631.411857, 1208.263058)
            Line: (1631.411857, 1208.263058),(1601.320620, 1138.923728)
            Line: (1601.320620, 1138.923728),(1553.340847, 1087.172962)
            Line: (1553.340847, 1087.172962),(1488.618378, 1054.955600)
            Line: (1488.618378, 1054.955600),(1408.299054, 1044.216479)
            Line: (1408.299054, 1044.216479),(1308.581965, 1061.321259)
            Line: (1308.581965, 1061.321259),(1231.868894, 1112.635600)
            Line: (1231.868894, 1112.635600),(1182.960597, 1194.827134)
            Line: (1182.960597, 1194.827134),(1166.657831, 1304.563495)
            Line: (1166.657831, 1304.563495),(1183.077977, 1418.257271)
            Line: (1183.077977, 1418.257271),(1232.338413, 1503.175198)
            Line: (1232.338413, 1503.175198),(1308.122961, 1556.336071)
            Line: (1308.122961, 1556.336071),(1403.413115, 1574.056362)
            Line: (1403.413115, 1574.056362),(1495.859496, 1556.640362)
            Line: (1495.859496, 1556.640362),(1569.601878, 1504.392362)
            Line: (1569.601878, 1504.392362),(1618.158035, 1421.008036)
            Line: (1618.158035, 1421.008036),(1634.343421, 1309.480735)
            Line: (1634.343421, 1309.480735),(1634.177377, 1300.104362)
            Line: (1634.177377, 1300.104362),(1633.679246, 1286.720118)
            Line: (1633.679246, 1286.720118),(1255.304119, 1286.720118)
            Line: (1255.304119, 1286.720118),(1269.366070, 1213.199046)
            Line: (1269.366070, 1213.199046),(1302.482367, 1158.695803)
            Line: (1302.482367, 1158.695803),(1350.328701, 1125.565568)
            Line: (1350.328701, 1125.565568),(1408.580766, 1114.522156)
            Line: (1408.580766, 1114.522156),(1452.846116, 1120.730901)
            Line: (1452.846116, 1120.730901),(1489.279129, 1139.357137)
            Line: (1489.279129, 1139.357137),(1519.486442, 1172.401294)
            Line: (1519.486442, 1172.401294),(1543.057715, 1219.471209)

    Shape 16 (Loops: 1, Quantity: 4)
        Loop 1 (external): 12 Primitives
            Line: (1719.395136, 1384.292866),(1719.395136, 1484.292866)
            Line: (1719.395136, 1484.292866),(1791.593098, 1484.292866)
            Line: (1791.593098, 1484.292866),(1791.593098, 1472.502473)
            Line: (1791.593098, 1472.502473),(1732.641133, 1472.502473)
            Line: (1732.641133, 1472.502473),(1732.641133, 1441.934787)
            Line: (1732.641133, 1441.934787),(1787.808528, 1441.934787)
            Line: (1787.808528, 1441.934787),(1787.808528, 1430.144394)
            Line: (1787.808528, 1430.144394),(1732.641133, 1430.144394)
            Line: (1732.641133, 1430.144394),(1732.641133, 1396.083259)
            Line: (1732.641133, 1396.083259),(1793.922065, 1396.083259)
            Line: (1793.922065, 1396.083259),(1793.922065, 1384.292866)
            Line: (1793.922065, 1384.292866),(1719.395136, 1384.292866)

